ab_size	ba_size	count	fraction	fraction_gt_or_eq_size
1	0	1601609	0.08753	1
1	1	269906	0.014751	0.540644
2	0	1046703	0.057204	0.897719
2	1	412334	0.022535	0.525893
2	2	185821	0.010155	0.448509
3	0	886981	0.048475	0.807825
3	1	290368	0.015869	0.493203
3	2	304676	0.016651	0.438354
3	3	142198	0.007771	0.370037
4	0	796237	0.043516	0.719059
4	1	203073	0.011098	0.452911
4	2	238931	0.013058	0.413932
4	3	254333	0.0139	0.362266
4	4	124365	0.006797	0.297844
5	0	737086	0.040283	0.630691
5	1	143521	0.007844	0.408059
5	2	186113	0.010171	0.380177
5	3	216181	0.011815	0.34157
5	4	231351	0.012644	0.291047
5	5	115561	0.006316	0.230009
6	0	675984	0.036944	0.541619
6	1	104022	0.005685	0.35927
6	2	143040	0.007817	0.339232
6	3	179915	0.009833	0.310796
6	4	205621	0.011237	0.272088
6	5	217548	0.011889	0.223693
6	6	106949	0.005845	0.168396
7	0	605823	0.033109	0.452369
7	1	76262	0.004168	0.306963
7	2	109629	0.005991	0.29261
7	3	144879	0.007918	0.271991
7	4	175603	0.009597	0.243116
7	5	192800	0.010537	0.205959
7	6	196107	0.010718	0.162552
7	7	93634	0.005117	0.116027
8	0	520970	0.028472	0.365214
8	1	56738	0.003101	0.252918
8	2	81556	0.004457	0.242733
8	3	113490	0.006202	0.228105
8	4	142884	0.007809	0.207148
8	5	162757	0.008895	0.179587
8	6	169702	0.009274	0.146717
8	7	165391	0.009039	0.11091
8	8	74287	0.00406	0.07489
9	0	427065	0.02334	0.283905
9	1	41343	0.002259	0.20008
9	2	60091	0.003284	0.192996
9	3	85436	0.004669	0.182826
9	4	110674	0.006048	0.168071
9	5	129829	0.007095	0.148319
9	6	139302	0.007613	0.124344
9	7	137677	0.007524	0.097811
9	8	127112	0.006947	0.07083
9	9	54950	0.003003	0.045246
10	0	334616	0.018287	0.212122
10	1	29618	0.001619	0.151637
10	2	43160	0.002359	0.146812
10	3	61716	0.003373	0.139925
10	4	82057	0.004485	0.12984
10	5	99306	0.005427	0.116137
10	6	108195	0.005913	0.099256
10	7	108979	0.005956	0.080337
10	8	101633	0.005554	0.06088
10	9	88303	0.004826	0.042243
10	10	36507	0.001995	0.02558
11	0	252389	0.013793	0.152328
11	1	20520	0.001121	0.11013
11	2	29632	0.001619	0.106924
11	3	43345	0.002369	0.102397
11	4	58668	0.003206	0.095684
11	5	71951	0.003932	0.086465
11	6	79911	0.004367	0.075012
11	7	81167	0.004436	0.062005
11	8	77561	0.004239	0.048504
11	9	68366	0.003736	0.035422
11	10	56750	0.003101	0.023585
11	11	22635	0.001237	0.013609
12	0	179962	0.009835	0.10517
12	1	14268	0.00078	0.076765
12	2	19930	0.001089	0.074681
12	3	29621	0.001619	0.071772
12	4	40955	0.002238	0.067429
12	5	50079	0.002737	0.061416
12	6	56550	0.003091	0.053895
12	7	58749	0.003211	0.045256
12	8	56137	0.003068	0.036191
12	9	50526	0.002761	0.027347
12	10	41999	0.002295	0.019246
12	11	33903	0.001853	0.012372
12	12	12524	0.000684	0.006794
13	0	124185	0.006787	0.069908
13	1	9231	0.000504	0.051339
13	2	13171	0.00072	0.050034
13	3	19622	0.001072	0.048215
13	4	26812	0.001465	0.04549
13	5	33321	0.001821	0.041716
13	6	38203	0.002088	0.036932
13	7	39807	0.002176	0.031383
13	8	38456	0.002102	0.025529
13	9	35478	0.001939	0.019753
13	10	29716	0.001624	0.014414
13	11	23927	0.001308	0.009835
13	12	18326	0.001002	0.00611
13	13	6645	0.000363	0.003229
14	0	82879	0.004529	0.044938
14	1	5822	0.000318	0.033156
14	2	8194	0.000448	0.032355
14	3	12326	0.000674	0.031256
14	4	17125	0.000936	0.029604
14	5	21820	0.001192	0.027295
14	6	24925	0.001362	0.024332
14	7	26400	0.001443	0.020871
14	8	26200	0.001432	0.017192
14	9	23711	0.001296	0.013518
14	10	20324	0.001111	0.010117
14	11	16463	0.0009	0.007163
14	12	12714	0.000695	0.004745
14	13	9203	0.000503	0.002866
14	14	3264	0.000178	0.001463
15	0	53470	0.002922	0.027921
15	1	3686	0.000201	0.020668
15	2	5078	0.000278	0.020186
15	3	7513	0.000411	0.019535
15	4	10694	0.000584	0.018556
15	5	13581	0.000742	0.017183
15	6	16003	0.000875	0.015412
15	7	16590	0.000907	0.013314
15	8	16480	0.000901	0.011077
15	9	15401	0.000842	0.008835
15	10	13376	0.000731	0.00673
15	11	10722	0.000586	0.004887
15	12	8254	0.000451	0.003369
15	13	6299	0.000344	0.002185
15	14	4467	0.000244	0.001284
15	15	1484	0.000081	0.000635
16	0	33089	0.001808	0.016822
16	1	2265	0.000124	0.012491
16	2	3008	0.000164	0.01221
16	3	4639	0.000254	0.011836
16	4	6243	0.000341	0.011268
16	5	8043	0.00044	0.010479
16	6	9617	0.000526	0.009451
16	7	10299	0.000563	0.008227
16	8	10222	0.000559	0.006897
16	9	9678	0.000529	0.005556
16	10	8417	0.00046	0.004293
16	11	6972	0.000381	0.00318
16	12	5368	0.000293	0.002248
16	13	4115	0.000225	0.001515
16	14	2894	0.000158	0.000959
16	15	2020	0.00011	0.000554
16	16	687	0.000038	0.000261
17	0	19783	0.001081	0.009849
17	1	1225	0.000067	0.007327
17	2	1696	0.000093	0.00717
17	3	2652	0.000145	0.006961
17	4	3705	0.000202	0.006646
17	5	4787	0.000262	0.006199
17	6	5620	0.000307	0.00561
17	7	6200	0.000339	0.004911
17	8	6232	0.000341	0.004144
17	9	5798	0.000317	0.003362
17	10	5069	0.000277	0.002628
17	11	4344	0.000237	0.001975
17	12	3331	0.000182	0.001424
17	13	2447	0.000134	0.000984
17	14	1856	0.000101	0.000653
17	15	1359	0.000074	0.000406
17	16	866	0.000047	0.000223
17	17	299	0.000016	0.000102
18	0	11704	0.00064	0.005627
18	1	734	0.00004	0.004185
18	2	966	0.000053	0.004095
18	3	1399	0.000076	0.003979
18	4	2050	0.000112	0.003809
18	5	2668	0.000146	0.003564
18	6	3219	0.000176	0.003237
18	7	3494	0.000191	0.002845
18	8	3563	0.000195	0.002417
18	9	3384	0.000185	0.001975
18	10	3032	0.000166	0.001558
18	11	2503	0.000137	0.001182
18	12	2006	0.00011	0.000869
18	13	1539	0.000084	0.000611
18	14	1145	0.000063	0.000413
18	15	837	0.000046	0.000268
18	16	568	0.000031	0.000159
18	17	346	0.000019	0.000086
18	18	131	7.15934E-6	0.00004
19	0	6637	0.000363	0.003151
19	1	432	0.000024	0.00235
19	2	557	0.00003	0.0023
19	3	818	0.000045	0.002236
19	4	1131	0.000062	0.002143
19	5	1535	0.000084	0.00201
19	6	1865	0.000102	0.001829
19	7	1976	0.000108	0.001613
19	8	2055	0.000112	0.001376
19	9	1954	0.000107	0.001129
19	10	1753	0.000096	0.000896
19	11	1458	0.00008	0.000686
19	12	1170	0.000064	0.00051
19	13	887	0.000048	0.000362
19	14	675	0.000037	0.000248
19	15	484	0.000026	0.000165
19	16	321	0.000018	0.000102
19	17	205	0.000011	0.00006
19	18	155	8.47098E-6	0.000032
19	19	40	2.18606E-6	0.000014
20	0	3763	0.000206	0.001725
20	1	215	0.000012	0.001286
20	2	281	0.000015	0.00126
20	3	434	0.000024	0.001226
20	4	609	0.000033	0.001177
20	5	844	0.000046	0.001106
20	6	931	0.000051	0.001009
20	7	1130	0.000062	0.000895
20	8	1145	0.000063	0.000766
20	9	1083	0.000059	0.000631
20	10	965	0.000053	0.000506
20	11	774	0.000042	0.000391
20	12	710	0.000039	0.000294
20	13	540	0.00003	0.00021
20	14	364	0.00002	0.000145
20	15	303	0.000017	0.000099
20	16	195	0.000011	0.000063
20	17	140	7.6512E-6	0.000038
20	18	83	4.53607E-6	0.000022
20	19	52	2.84188E-6	0.000012
20	20	15	8.19772E-7	5.57445E-6
21	0	1978	0.000108	0.000928
21	1	132	7.21399E-6	0.000695
21	2	154	8.41633E-6	0.00068
21	3	245	0.000013	0.000662
21	4	372	0.00002	0.000637
21	5	468	0.000026	0.000599
21	6	562	0.000031	0.000548
21	7	586	0.000032	0.000485
21	8	674	0.000037	0.000418
21	9	560	0.000031	0.000346
21	10	542	0.00003	0.000279
21	11	482	0.000026	0.000218
21	12	378	0.000021	0.000163
21	13	299	0.000016	0.000118
21	14	221	0.000012	0.000082
21	15	157	8.58028E-6	0.000056
21	16	115	6.28492E-6	0.000036
21	17	71	3.88025E-6	0.000022
21	18	40	2.18606E-6	0.000014
21	19	28	1.53024E-6	8.52563E-6
21	20	12	6.55818E-7	4.75468E-6
21	21	8	4.37212E-7	2.24071E-6
22	0	1097	0.00006	0.000486
22	1	61	3.33374E-6	0.000361
22	2	83	4.53607E-6	0.000354
22	3	89	4.86398E-6	0.000344
22	4	150	8.19772E-6	0.000332
22	5	235	0.000013	0.000315
22	6	313	0.000017	0.000289
22	7	317	0.000017	0.000257
22	8	314	0.000017	0.000222
22	9	308	0.000017	0.000187
22	10	255	0.000014	0.000151
22	11	253	0.000014	0.000119
22	12	222	0.000012	0.000091
22	13	162	8.85354E-6	0.000066
22	14	113	6.17562E-6	0.000047
22	15	79	4.31747E-6	0.000032
22	16	68	3.7163E-6	0.000021
22	17	35	1.9128E-6	0.000014
22	18	20	1.09303E-6	8.79889E-6
22	19	14	7.6512E-7	5.90236E-6
22	20	17	9.29075E-7	3.66165E-6
22	21	8	4.37212E-7	1.8035E-6
22	22	2	1.09303E-7	7.6512E-7
23	0	539	0.000029	0.000256
23	1	41	2.24071E-6	0.000191
23	2	44	2.40466E-6	0.000187
23	3	49	2.67792E-6	0.000182
23	4	79	4.31747E-6	0.000175
23	5	119	6.50352E-6	0.000166
23	6	130	7.10469E-6	0.000153
23	7	166	9.07214E-6	0.000138
23	8	166	9.07214E-6	0.00012
23	9	159	8.68958E-6	0.000101
23	10	176	9.61866E-6	0.000083
23	11	125	6.83143E-6	0.000064
23	12	101	5.5198E-6	0.00005
23	13	93	5.08259E-6	0.000038
23	14	85	4.64537E-6	0.000027
23	15	52	2.84188E-6	0.000019
23	16	33	1.8035E-6	0.000013
23	17	29	1.58489E-6	8.36167E-6
23	18	15	8.19772E-7	5.46515E-6
23	19	10	5.46515E-7	3.66165E-6
23	20	7	3.8256E-7	2.18606E-6
23	21	4	2.18606E-7	1.25698E-6
23	22	3	1.63954E-7	6.55818E-7
23	23	1	5.46515E-8	2.73257E-7
24	0	317	0.000017	0.000134
24	1	23	1.25698E-6	0.000099
24	2	25	1.36629E-6	0.000097
24	3	43	2.35001E-6	0.000094
24	4	52	2.84188E-6	0.00009
24	5	59	3.22444E-6	0.000085
24	6	66	3.607E-6	0.000079
24	7	69	3.77095E-6	0.000071
24	8	85	4.64537E-6	0.000062
24	9	86	4.70003E-6	0.000053
24	10	73	3.98956E-6	0.000042
24	11	66	3.607E-6	0.000034
24	12	59	3.22444E-6	0.000026
24	13	55	3.00583E-6	0.00002
24	14	32	1.74885E-6	0.000014
24	15	30	1.63954E-6	0.000011
24	16	27	1.47559E-6	6.94074E-6
24	17	9	4.91863E-7	4.59072E-6
24	18	7	3.8256E-7	3.27909E-6
24	19	5	2.73257E-7	2.29536E-6
24	20	5	2.73257E-7	1.36629E-6
24	21	4	2.18606E-7	8.19772E-7
24	22	1	5.46515E-8	4.37212E-7
24	24	1	5.46515E-8	1.63954E-7
25	0	167	9.12679E-6	0.000069
25	1	8	4.37212E-7	0.00005
25	2	16	8.74423E-7	0.00005
25	3	18	9.83726E-7	0.000048
25	4	16	8.74423E-7	0.000047
25	5	33	1.8035E-6	0.000045
25	6	44	2.40466E-6	0.000042
25	7	47	2.56862E-6	0.000037
25	8	52	2.84188E-6	0.000032
25	9	56	3.06048E-6	0.000028
25	10	40	2.18606E-6	0.000022
25	11	37	2.0221E-6	0.000018
25	12	36	1.96745E-6	0.000014
25	13	22	1.20233E-6	9.89191E-6
25	14	12	6.55818E-7	7.5419E-6
25	15	19	1.03838E-6	5.7384E-6
25	16	7	3.8256E-7	3.7163E-6
25	17	7	3.8256E-7	2.84188E-6
25	18	3	1.63954E-7	2.0221E-6
25	19	7	3.8256E-7	1.42094E-6
25	20	2	1.09303E-7	7.6512E-7
25	21	2	1.09303E-7	4.91863E-7
25	22	3	1.63954E-7	3.27909E-7
25	23	1	5.46515E-8	1.63954E-7
26	0	84	4.59072E-6	0.000033
26	1	1	5.46515E-8	0.000024
26	2	3	1.63954E-7	0.000024
26	3	7	3.8256E-7	0.000023
26	4	11	6.01166E-7	0.000022
26	5	9	4.91863E-7	0.000021
26	6	18	9.83726E-7	0.00002
26	7	24	1.31164E-6	0.000018
26	8	16	8.74423E-7	0.000016
26	9	21	1.14768E-6	0.000014
26	10	18	9.83726E-7	0.000011
26	11	15	8.19772E-7	8.90819E-6
26	12	14	7.6512E-7	6.99539E-6
26	13	10	5.46515E-7	5.24654E-6
26	14	11	6.01166E-7	4.09886E-6
26	15	9	4.91863E-7	2.95118E-6
26	16	6	3.27909E-7	1.96745E-6
26	17	3	1.63954E-7	1.47559E-6
26	18	3	1.63954E-7	1.03838E-6
26	19	3	1.63954E-7	6.01166E-7
26	20	2	1.09303E-7	3.27909E-7
26	21	1	5.46515E-8	1.63954E-7
27	0	43	2.35001E-6	0.000017
27	2	5	2.73257E-7	0.000013
27	3	3	1.63954E-7	0.000012
27	4	4	2.18606E-7	0.000012
27	5	7	3.8256E-7	0.000011
27	6	8	4.37212E-7	0.00001
27	7	9	4.91863E-7	9.50935E-6
27	8	14	7.6512E-7	8.47098E-6
27	9	14	7.6512E-7	7.3233E-6
27	10	15	8.19772E-7	5.95701E-6
27	11	11	6.01166E-7	4.70003E-6
27	12	11	6.01166E-7	3.607E-6
27	13	6	3.27909E-7	2.62327E-6
27	14	3	1.63954E-7	2.0221E-6
27	15	4	2.18606E-7	1.47559E-6
27	16	1	5.46515E-8	9.83726E-7
27	17	3	1.63954E-7	8.19772E-7
27	18	1	5.46515E-8	5.46515E-7
27	19	1	5.46515E-8	2.73257E-7
27	24	1	5.46515E-8	1.09303E-7
28	0	20	1.09303E-6	8.14307E-6
28	1	1	5.46515E-8	6.01166E-6
28	2	1	5.46515E-8	5.90236E-6
28	3	3	1.63954E-7	5.79306E-6
28	4	3	1.63954E-7	5.57445E-6
28	5	3	1.63954E-7	5.24654E-6
28	6	4	2.18606E-7	4.80933E-6
28	7	7	3.8256E-7	4.37212E-6
28	8	3	1.63954E-7	3.8256E-6
28	9	7	3.8256E-7	3.44304E-6
28	10	6	3.27909E-7	2.84188E-6
28	11	4	2.18606E-7	2.40466E-6
28	12	4	2.18606E-7	1.9128E-6
28	13	3	1.63954E-7	1.53024E-6
28	14	4	2.18606E-7	1.25698E-6
28	15	2	1.09303E-7	8.74423E-7
28	17	1	5.46515E-8	4.91863E-7
28	18	3	1.63954E-7	3.8256E-7
28	19	1	5.46515E-8	1.63954E-7
28	24	1	5.46515E-8	5.46515E-8
29	0	10	5.46515E-7	3.7163E-6
29	3	1	5.46515E-8	2.56862E-6
29	5	2	1.09303E-7	2.35001E-6
29	6	3	1.63954E-7	2.07676E-6
29	7	3	1.63954E-7	1.85815E-6
29	9	3	1.63954E-7	1.47559E-6
29	11	1	5.46515E-8	1.14768E-6
29	12	1	5.46515E-8	8.74423E-7
29	13	1	5.46515E-8	7.10469E-7
29	14	2	1.09303E-7	6.01166E-7
29	15	1	5.46515E-8	4.37212E-7
29	16	2	1.09303E-7	2.73257E-7
29	17	1	5.46515E-8	1.63954E-7
29	20	1	5.46515E-8	5.46515E-8
30	0	6	3.27909E-7	1.96745E-6
30	1	1	5.46515E-8	1.47559E-6
30	2	1	5.46515E-8	1.42094E-6
30	5	2	1.09303E-7	1.20233E-6
30	8	1	5.46515E-8	9.83726E-7
30	10	2	1.09303E-7	7.10469E-7
30	11	3	1.63954E-7	6.01166E-7
30	13	1	5.46515E-8	2.73257E-7
30	15	1	5.46515E-8	1.63954E-7
31	0	2	1.09303E-7	9.83726E-7
31	4	2	1.09303E-7	8.19772E-7
31	6	1	5.46515E-8	6.01166E-7
31	8	3	1.63954E-7	5.46515E-7
31	12	1	5.46515E-8	2.73257E-7
31	15	1	5.46515E-8	1.09303E-7
31	18	1	5.46515E-8	5.46515E-8
32	0	1	5.46515E-8	3.8256E-7
32	4	1	5.46515E-8	3.27909E-7
32	5	1	5.46515E-8	2.73257E-7
32	12	1	5.46515E-8	1.09303E-7
32	14	1	5.46515E-8	5.46515E-8
33	9	1	5.46515E-8	1.09303E-7
33	11	1	5.46515E-8	5.46515E-8
